0.9999999999999999	0.6424814934636738	0.6534699864789106	0.4878287222547751	0.5235960362029687	0.5930914351725842	0.5537424477053156	0.5340659074742395	0.35095716873383104	0.7147899263695654
0.6424814934636738	0.9999999999999998	0.9072282331914417	0.706976950129482	0.7535440193661496	0.6917087503170523	0.7555591639868218	0.7193460366364206	0.460754699108904	0.8208014428791691
0.6534699864789106	0.9072282331914417	0.9999999999999999	0.6859480630154341	0.7224624141809657	0.7138775473793955	0.7353435006210443	0.7179634141270743	0.44125758292840267	0.8218909477423983
0.4878287222547751	0.706976950129482	0.6859480630154341	1.0	0.5945477710542776	0.6706482919548038	0.6685670621196997	0.6031210616252488	0.4188983347793697	0.7062941355118445
0.5235960362029687	0.7535440193661496	0.7224624141809657	0.5945477710542776	1.0	0.5857161282793404	0.6181278969921588	0.6289264017578675	0.48058329531416266	0.690958159131592
0.5930914351725842	0.6917087503170523	0.7138775473793955	0.6706482919548038	0.5857161282793404	1.0	0.6806148592720025	0.5842801974534856	0.33921043558979846	0.8226958730505622
0.5537424477053156	0.7555591639868218	0.7353435006210443	0.6685670621196997	0.6181278969921588	0.6806148592720025	1.0	0.6656015328525222	0.34601088889496645	0.7582275545829138
0.5340659074742395	0.7193460366364206	0.7179634141270743	0.6031210616252488	0.6289264017578675	0.5842801974534856	0.6656015328525222	1.0	0.43375727020346644	0.7186771879221916
0.35095716873383104	0.460754699108904	0.44125758292840267	0.4188983347793697	0.48058329531416266	0.33921043558979846	0.34601088889496645	0.43375727020346644	1.0	0.4234479213221966
0.7147899263695654	0.8208014428791691	0.8218909477423983	0.7062941355118445	0.690958159131592	0.8226958730505622	0.7582275545829138	0.7186771879221916	0.4234479213221966	1.0000000000000002
